key: 65293
0.109389000000
0.107659000000
0.109525000000
0.117542000000
0.110727000000
0.114318000000
0.111438000000
0.111272000000
0.110170000000
0.109797000000
0.112731000000
0.112039000000
0.110320000000
0.108780000000
0.112170000000
0.109049000000
0.112374000000
0.112003000000
0.111604000000
0.112991000000
0.112623000000
0.113997000000
0.108142000000
0.107833000000
0.111713000000
0.113469000000
0.109182000000
0.114332000000
0.112918000000
0.109667000000
0.112494000000
0.108212000000
0.107688000000
0.105762000000
0.112367000000
0.113450000000
0.118579000000
0.116465000000
0.110914000000
0.109548000000
0.109807000000
0.110698000000
0.114836000000
0.115291000000
0.114387000000
0.111194000000
0.111054000000
0.114634000000
0.114765000000
0.113227000000
0.112628000000
0.117111000000
0.115597000000
0.114870000000
0.111728000000
0.110165000000
0.110461000000
0.111436000000
0.110424000000
0.110598000000
0.112403000000
0.110833000000
0.113943000000
0.115736000000
0.115695000000
0.116323000000
0.118660000000
0.113756000000
0.113126000000
0.116699000000
0.115550000000
0.113013000000
0.116947000000
0.113837000000
0.114004000000
0.113840000000
0.114144000000
0.116321000000
0.112066000000
0.115288000000
0.112497000000
0.112978000000
0.117048000000
0.116936000000
0.114438000000
0.115241000000
0.115878000000
0.110301000000
0.114400000000
0.114362000000
0.113989000000
0.116416000000
0.113858000000
0.113888000000
0.115908000000
0.114019000000
0.116291000000
0.113753000000
0.114811000000
0.113332000000
0.113141000000
0.110454000000
0.110415000000
0.111292000000
0.110489000000
0.115484000000
0.112253000000
0.110989000000
0.111661000000
0.108924000000
0.114119000000
0.111494000000
0.115286000000
0.111159000000
0.111549000000
0.109493000000
0.108620000000
0.111074000000
0.111840000000
0.114452000000
0.108703000000
0.110157000000
0.108135000000
0.112282000000
0.113473000000
0.111594000000
0.109826000000
0.108365000000
0.112034000000
0.110491000000
0.109377000000
0.115532000000
0.114655000000
0.116581000000
0.113141000000
0.117925000000
0.113412000000
0.117837000000
0.119022000000
0.116422000000
